getgenv().mods = {
14933249,
34649899,
167563269,
708648,
168151412,
139151151,
341399806,
23501905,
94867018,
29914785,
24882513,
7584904,
22680319,
28316941,
64130481,
109163926,
8194465,
132122965,
14205725,
74778651,
578046875,
53008178,
47424131,
5115485,
15011563,
125057856,
87459732,
54961867,
699294409,
55100817,
25843220,
66219199,
115806171,
35250698,
1106896270,
16715639,
509216030,
164337638,
466275246,
34881371,
1514197298,
39017584,
292370087,
127634219,
196479388,
146061905,
1045869237,
528862651,
22082626,
117092117,
3153497461,
15881874,
14599405,
80804680,
23977275,
27504654,
1099784,
14802860,
1063001671,
477941880,
13272440,
39920871,
32915494,
64992045,
4201944,
17776553,
1147104,
28023203,
5861972,
296804235,
77196836,
59815962,
83338597,
99413233,
44121665,
16304417,
1944008815,
20469570,
7625833,
83785067,
25067308,
88297850,
70951738,
20010882,
99196411,
29258889,
445371567,
64452544,
13255300,
15695298,
17187421,
191756506,
59158571,
75759386,
66934974,
16714898,
341792,
5840316,
51453069,
45124920,
1919162,
276698027,
56537645,
29407034,
15285997,
29272034,
202693941,
3254,
14539037,
48707829,
4416634,
1185647,
8132835,
9144458,
10190020,
633527,
40118429,
10717875,
17126105,
167825083,
151239872
};
